43
16020
53532
54092
56571
92098
18452
722
32445
18
29839
181
100385
30041
76065
31525
54128
46999
74558
30005
123213
103204
122
34735
410
55353
44618
44514
4565
73
26331
16891
13260
113
28791
26203
35671
35146
255
44238
23967
59454
76630
169
0
99588
33414
20547
780
82201
40642
90278
8823
44953
73302
41352
34930
24092
16272
58
70445
145
140
272
97
3083
92
15869
6262
127746
107837
78575
74648
24783
60330
39438
11426
55
45856
39767
17603
6718
121588
119439
106704
57226
25929
108021
84806
124838
95689
281
52581
0
19734
89784
50295
52693
22
84356
127474
46620
0
36
79662
12287
183
63309
59585
46166
30084
96771
52994
207754
115233
144109
27862
552
338
71845
947
755
74
148817
95319
51166
35994
24496
3434
33185
116644
137262
28448
122896
29844
108627
88543
120756
103510
121971
52
50950
339
113467
206
0
0
45392
64810
0
0
0
78702
615
148812
118384
98546
59587
78395
0
4260
73
63
1775
19
3
84
39283
115385
10509
146
27483
20453
173
316
0
0
0
0
90898
1604
105
115
38016
798
465
697
369
57285
17649
97746
41806
113585
59470
62054
205
55807
33079
14
57776
53
62828
70574
118
0
0
0
51514
18946
0
62942
2
505
118919
48
347
1332
30417
269
0
187689
18844
41
196
96370
2
85291
103031
11738
53018
37
0
31161
0
76270
187359
13863
152389
6351
62796
2261
100942
107461
26956
22
134779
0
62167
56
0
6
0
130083
514
34836
241
67014
126
0
0
0
137
0
7587
1
68791
425
0
58796
0
69
46
654
562
196573
0
376
65009
50054
1182
52524
1532
124
321
35977
0
0
16
33334
426
47752
53
85
56711
133
0
1980
16
1394
0
0
0
0
0
0
19
0
5
90
54
146
83614
28388
1952
126
44206
49995
25
462
2354
33065
32
69
15
22980
391
51031
162
37246
56966
64298
72481
0
0
0
10
105
155
263
57124
111
0
78
101
57811
30800
423
2578
23304
44247
99
16
82
444
2
29672
70
383
85145
64537
59
379
0
23598
33320
63612
89572
667
35569
0
40406
24387
0
0
55732
308
0
540
36521
22478
64812
56293
2135
109242
163
124
27614
26637
98102
0
1
0
1321
19
2
29426
41746
1
40134
24470
48
39214
23332
50131
12
40
2092
130573
4
0
38541
42820
101384
32
590
67
36149
27110
135856
79255
66096
294
106730
106
83877
79534
63458
54566
69
51
95
85
61051
143173
0
105500
25021
96136
11806
85581
56049
51126
8175
29
82
41
122
73
32546
148
123004
95572
94420
26826
86658
16742
42941
19743
19175
2724
89
47364
24296
118768
39821
210
120404
32853
69843
5266
25587
0
226288
111662
4681
289
106689
3
0
0
0
0
0
0
0
0
2
0
2
0
0
0
0
0
0
2
0
0
0
0
1
0
0
0
0
2
0
0
0
0
0
0
0
0
0
0
0
0
0
0
0
0
0
0
0
2
0
0
0
0
0
0
0
0
0
2
0
0
0
0
0
0
0
0
0
0
0
0
0
0
7
0
0
0
0
0
0
0
0
0
0
0
0
0
0
2
0
0
0
84
0
0
0
0
0
0
0
0
9
0
0
0
0
0
0
0
0
0
0
0
4
0
0
0
0
0
0
9
0
0
0
0
0
0
2
0
0
0
0
0
0
2
0
0
0
0
3
2
0
0
0
0
0
0
2
0
1
0
0
0
0
0
0
0
0
0
0
0
0
0
2
0
0
0
0
0
0
4
0
0
0
0
0
2
0
0
0
2
0
0
1
0
0
0
0
304
0
0
0
0
2
0
0
0
0
5
0
0
0
0
0
0
0
0
0
0
0
0
0
0
0
0
0
0
0
0
0
1
0
0
0
0
0
1
1
2
0
0
0
0
0
1
0
0
0
0
2
0
0
0
0
9
2
0
0
0
0
0
1
0
0
0
5
0
0
0
0
0
0
0
0
0
2
0
0
0
0
0
0
0
0
0
4
0
2
0
0
6
0
0
0
0
0
0
0
0
0
2
4
0
0
0
0
2
2
2
0
0
0
0
6
0
0
5
0
0
0
0
0
0
0
6
0
0
0
0
0
0
0
0
0
0
0
0
0
0
2
0
0
0
0
0
3
3
0
0
0
2
2
1
0
0
0
2
0
0
0
0
0
0
0
2
0
0
2
0
2
0
0
0
0
12
0
0
0
0
0
0
0
0
2
0
0
0
0
0
2
0
0
0
0
0
2
0
0
0
2
0
99326
0
0
0
0
0
0
0
1
0
0
0
0
0
3
2
0
0
14
0
0
0
0
0
0
0
0
0
0
2
0
2
0
0
0
0
0
0
0
0
0
7
0
0
0
0
0
0
0
0
0
0
2
0
6
2
2
0
0
0
0
0
0
10
0
0
0
2
0
0
0
0
0
0
0
0
2
0
1
0
0
0
0
2
0
0
0
0
0
0
0
0
0
1
0
0
0
0
0
0
0
2
0
0
0
0
0
2
12
2
0
0
0
0
3
0
0
0
0
0
0
0
0
0
0
0
0
0
0
0
0
0
0
0
0
0
0
0
0
7
0
0
0
0
0
0
0
0
0
0
1
0
0
4
0
0
0
0
0
0
0
2
0
0
0
0
0
0
0
2
0
0
0
0
0
0
2
0
0
0
0
0
0
0
0
0
0
0
0
7
0
0
0
0
0
0
0
0
0
0
3
0
0
0
0
0
0
0
0
0
0
0
0
0
0
0
0
0
0
0
0
0
0
0
0
0
0
0
0
0
0
2
0
0
0
0
0
0
8
0
0
0
0
0
0
0
0
0
0
2
0
0
45058
0
0
0
0
0
0
2
0
0
0
0
0
0
0
0
0
0
0
0
0
0
0
0
0
0
0
2
0
0
0
6
0
0
0
0
0
0
0
0
0
2
0
0
0
0
0
0
0
2
0
0
0
0
0
0
2
0
0
0
0
4
0
4
0
0
0
0
0
0
0
0
0
0
0
1
0
0
0
0
0
0
4
0
0
0
0
1
0
2
0
0
0
0
0
71
1
0
0
0
0
0
0
2
0
0
0
0
0
0
0
0
0
0
0
0
0
0
0
0
0
1
0
0
0
0
0
0
1
0
0
0
0
0
0
0
0
0
0
8
0
2
0
0
0
0
0
0
0
0
2
0
0
0
0
0
0
0
0
0
0
0
0
0
0
2
0
0
0
0
0
0
0
0
0
1
0
0
0
0
0
0
0
0
0
0
2
0
0
0
0
0
1
2
0
0
0
0
0
0
4
0
0
0
0
0
0
0
0
0
1
0
0
0
0
1
0
0
0
0
0
2
0
0
0
0
0
0
0
0
0
0
0
2
0
0
0
0
0
0
0
0
4
0
44
0
0
104
0
0
0
0
0
0
2
0
0
0
1
2
0
1
1
0
0
0
0
0
2
0
1
0
0
0
0
0
0
0
2
0
0
0
0
0
0
0
0
0
0
0
0
2
0
2
0
2
0
0
0
0
0
0
0
0
0
12
1
0
0
0
0
0
2
0
2
5
0
0
2
7
0
0
0
0
0
0
0
0
0
0
0
0
0
0
0
0
0
0
0
3
0
0
0
0
0
0
0
0
0
0
0
0
0
0
9
0
0
2
0
0
0
0
0
2
0
0
0
0
0
0
0
0
0
0
0
0
0
0
0
0
6
0
0
0
0
2
0
0
0
0
0
0
0
0
0
0
0
0
0
1
0
0
0
0
0
0
0
0
19
2
0
0
0
0
0
2
0
0
0
0
0
0
0
0
0
0
0
0
0
0
1
0
0
0
0
0
0
0
0
0
0
0
0
0
0
0
2
0
0
0
0
0
0
0
2
0
0
0
0
2
0
0
0
0
0
0
0
0
0
0
0
9
0
0
0
0
12
0
0
0
0
0
0
0
0
0
0
0
0
0
0
0
0
0
0
0
32
0
0
0
0
0
0
0
1
0
0
0
0
0
0
0
0
1
0
0
0
0
0
0
0
0
0
0
0
0
0
0
2
0
0
0
0
0
0
0
0
0
6
2
0
0
0
0
0
0
0
2
0
0
0
2
0
0
0
0
0
0
0
0
0
0
0
0
0
1
0
0
0
12
0
15
0
0
0
0
0
0
0
0
0
0
0
0
0
0
4
2
0
0
0
0
0
0
0
0
0
0
0
0
0
1
42
0
0
0
0
0
0
0
0
0
0
0
0
0
0
0
0
0
0
0
0
0
0
2
0
0
0
0
0
0
0
0
0
0
0
0
0
0
0
2
3
0
0
0
2
0
0
0
0
0
0
0
2
0
0
0
1
2
0
0
0
2
2
0
0
1
0
0
0
0
0
0
0
0
1
0
0
0
0
0
0
1
2
0
0
0
0
0
0
0
0
0
0
0
2
0
1
0
0
0
0
0
0
0
0
0
0
0
0
0
2
2
0
0
2
0
0
0
1
15
1
0
0
0
10
2
0
0
0
0
0
0
0
2
0
0
0
0
0
0
0
0
22
0
0
0
0
3
0
0
0
2
0
0
0
0
463
0
0
0
0
0
2
2
0
0
0
0
0
0
2
0
0
0
0
0
0
0
2
0
0
0
0
5
0
0
0
0
0
0
0
2
0
36
0
0
0
0
0
2
0
0
0
0
0
0
0
0
0
0
0
0
0
0
0
0
0
0
2
0
0
0
0
0
1
0
0
0
0
1
0
0
0
0
0
0
2
0
2
0
0
2
0
0
19
0
0
0
0
0
0
0
0
2
0
0
0
0
0
0
2
0
0
0
0
0
0
0
0
0
0
0
0
5
0
0
0
0
0
0
0
0
0
0
0
2
0
2
0
0
0
1
23
0
0
3
0
0
2
0
1
0
0
0
0
4
0
0
0
0
0
5
0
0
0
0
0
1
0
0
0
1
2
0
0
0
0
0
0
0
0
2
0
0
0
0
2
0
0
0
0
0
0
0
0
0
0
2
0
0
0
0
0
0
0
0
0
0
1
0
0
0
1
0
0
0
2
1
24
9
2
2
0
0
2
6
0
0
0
0
2
0
0
0
0
2
0
0
2
2
36
0
0
3
0
0
0
18
0
0
0
0
1
1
0
0
0
0
0
0
0
0
2
0
1
0
6
0
0
0
0
0
0
0
0
1
62
0
0
0
0
2
4
0
0
0
0
0
0
0
0
0
0
0
0
0
2
0
0
0
0
0
0
2
0
0
0
0
0
0
0
0
0
0
0
0
0
0
0
0
0
0
0
0
0
0
0
0
0
0
0
0
12
2
2
0
0
0
0
0
0
0
0
0
0
0
0
0
0
0
0
0
0
0
2
0
0
0
2
0
0
0
0
0
0
0
0
0
0
0
0
0
0
0
0
0
0
0
0
0
0
0
0
0
0
0
0
0
0
0
0
0
0
0
0
0
0
0
0
0
1
0
0
0
0
0
0
1
25
0
0
4
0
0
0
0
0
0
0
0
0
0
2
0
0
0
0
0
0
0
0
0
0
0
0
0
0
5
0
0
0
0
0
0
2
0
0
0
0
0
0
0
3
0
0
0
0
0
0
0
0
2
0
0
2
2
1
0
0
0
0
0
0
0
0
0
0
0
9
13
0
0
0
0
0
2
2
2
0
0
0
0
0
0
0
0
0
0
0
0
0
0
0
0
0
1
0
0
2
0
2
0
3
0
0
0
0
0
0
0
0
0
0
0
0
0
0
0
1
0
0
0
0
0
0
0
0
0
4
0
0
2
0
2
0
0
0
0
0
0
0
0
0
0
0
0
0
0
0
0
0
0
1
0
9
0
0
0
0
2
6
0
0
0
0
0
0
0
2
0
0
1
0
0
0
0
0
0
0
0
0
0
0
0
0
0
2
0
0
0
0
0
3
0
0
0
0
0
0
0
0
0
0
0
4
0
0
0
0
0
0
0
0
1
0
0
0
0
0
0
0
0
0
0
0
0
1
0
0
0
0
0
0
0
1
0
0
0
1
0
0
0
0
0
0
0
0
0
0
0
2
0
0
2
0
0
0
0
0
0
0
0
0
0
0
0
0
0
0
0
0
0
2
2
0
2
0
0
0
0
0
0
0
0
2
0
0
0
0
0
1
0
0
0
