16
9291
44082
752
876
39562
2773
30378
1270
16
76805
7015
85075
417
70370
491
31646
685
24642
29740
62979
45395
532
36666
33815
50893
1052
886
10297
10212
52530
30175
39079
12257
30182
25425
91205
90756
46068
563
8973
22936
106510
29080
0
52219
18546
28448
28694
25523
2852
58871
12785
75294
53244
22568
857
582
430
19
103272
171
115
6228
2800
12218
1454
16743
6184
65399
57116
94607
36989
6431
54852
44658
2048
6
8138
7234
13755
5939
110966
110386
21560
14918
613
48419
41071
46478
11595
60
26547
0
50475
23271
13857
13911
2
32999
74111
35287
0
28
24861
16802
12867
22122
19009
27900
13345
93248
50122
127143
74508
75129
1881
24476
19938
59089
14254
8042
62
126635
44387
39833
23921
35390
18189
22192
78952
32554
18341
170637
62676
90089
74830
83651
68319
133165
3825
45544
158
90185
89
0
0
15096
87727
0
0
0
74256
46341
56496
45264
35281
18544
11404
0
43944
93
76
65483
32
12
27664
7303
118694
173
8
366
250
9870
46
0
0
0
0
98728
670
3687
4884
19857
26994
20650
11046
123
71318
964
84338
34480
100600
53109
19336
143
40801
3182
15
12135
14977
34958
24175
53
0
0
0
32686
54356
0
46875
0
576
88784
58
224
13564
49196
20530
0
127602
13577
33
26
71343
0
10873
210302
18071
23386
8694
0
252
0
53482
127253
8399
127392
731
14946
14763
47101
102419
303
18
14441
0
21674
8059
0
0
0
89730
303
25898
238
6878
39
0
0
0
11419
0
35530
0
35384
112
0
66757
0
8615
20
4731
10234
177547
1
27259
43080
12430
28672
24695
14633
39
6011
8458
0
0
901
485
22469
44112
36
67
5444
6545
0
60653
12
343
0
0
0
0
0
0
3
0
1915
24346
14764
15407
75427
71355
5482
45
14710
39395
20
185
23753
8202
19
17
36
6715
91
44198
8992
305
58825
24346
30336
0
0
0
22
89
66
139
26792
13
0
24
110
38827
37859
56080
54556
14461
30003
6075
11
11079
311
0
83786
14
19121
1777
12105
43
169
0
29356
703
78475
15575
158
108895
0
729
198
0
0
105774
24591
0
27950
38126
26642
50325
41853
22451
24330
15899
34
45768
18012
70605
0
7
0
40430
9
0
6910
22351
0
1809
35435
14879
677
236
27002
0
34
1074
121462
2
0
5590
385
57683
30
10936
48
40040
39703
56233
12223
26581
22739
127795
621
63788
62576
19377
11893
5563
3113
14341
13044
1809
162757
3
40102
8321
39561
4540
37715
18600
35170
14581
42
5949
4517
2718
49
43656
19761
130320
33973
41636
9510
39878
8237
35440
2787
2736
422
40
41186
10847
65802
3570
35
126103
335
77233
145
35427
0
222725
131304
28
11455
94716
0
2
0
0
0
0
0
0
0
0
0
0
0
0
0
0
0
2
2
0
0
0
0
0
0
0
0
0
0
0
0
0
0
0
0
0
0
0
0
0
0
0
0
0
0
0
0
0
0
0
0
0
0
0
0
0
0
0
0
0
0
2
0
0
0
2
0
0
0
0
0
0
0
1
0
0
3
0
0
0
0
0
0
0
0
0
0
0
2
0
0
0
88
0
0
0
0
0
0
0
0
18
0
0
0
2
0
0
0
0
0
0
0
0
0
0
0
0
0
0
0
1
0
0
0
0
0
0
0
0
0
0
0
0
2
0
0
0
0
0
0
0
0
0
0
0
0
0
0
0
0
0
0
0
0
0
0
0
0
0
1
0
0
0
0
0
0
0
0
0
0
0
0
2
0
0
0
0
0
0
0
0
0
0
0
0
0
0
25
0
0
0
0
0
0
2
0
0
0
0
0
0
0
0
0
0
0
0
0
0
0
0
0
0
0
0
0
0
0
0
0
0
0
0
0
0
2
2
22
0
0
0
0
0
0
0
0
0
0
4
0
0
0
2
0
0
0
0
0
0
0
0
0
0
0
0
0
0
0
0
0
0
0
0
0
4
0
0
0
0
0
0
0
0
0
0
0
0
0
0
2
0
2
0
0
0
0
0
0
0
0
0
0
0
0
2
0
0
0
1
0
0
0
104
1
0
6
0
0
0
0
0
0
0
15
0
0
0
0
5
0
0
0
0
0
0
0
0
0
0
0
0
0
0
0
0
0
0
0
0
0
0
1
0
0
0
0
0
0
0
3
0
0
0
2
0
0
0
0
0
0
0
0
0
2
0
0
0
0
0
0
0
0
0
0
0
0
0
0
0
0
0
0
0
0
0
0
0
0
0
0
45214
0
0
0
0
0
2
0
0
0
0
0
0
0
1
0
0
0
0
0
0
0
0
0
0
0
0
0
0
8
0
0
0
0
0
1
1
0
0
0
0
0
0
0
0
0
0
0
0
0
0
2
0
0
0
0
0
0
0
0
0
0
0
3
0
0
0
0
0
0
0
0
0
0
0
0
0
0
0
0
0
0
0
0
0
0
0
0
0
0
0
0
0
1
0
0
0
0
0
0
0
0
0
0
0
0
0
0
3
0
0
0
0
0
0
0
0
0
0
0
0
0
0
0
0
0
0
0
0
0
0
0
0
0
0
0
0
0
0
0
0
0
0
0
0
0
0
0
1
0
0
0
0
0
0
0
0
0
0
0
0
0
0
2
0
0
0
0
0
1
0
0
0
0
0
0
0
0
0
0
0
0
0
0
1
0
0
5
0
1
0
0
0
0
0
0
0
0
0
0
1
0
0
0
0
0
0
0
0
0
0
0
0
2
0
0
0
0
0
0
0
0
0
0
0
0
0
0
0
0
0
0
0
2
0
0
0
0
0
0
0
0
0
0
0
0
0
0
0
0
0
0
48216
0
0
0
0
0
0
0
0
0
0
0
0
0
0
0
0
0
0
0
0
0
1
0
0
0
0
0
0
0
0
2
0
0
0
0
0
6
0
0
0
0
0
0
0
0
0
0
0
0
0
0
0
0
0
0
0
0
0
0
0
18
0
0
0
0
0
0
0
0
0
0
0
0
0
0
0
0
0
0
0
0
7
0
0
0
1
0
2
0
0
4
0
0
0
12
0
0
2
0
0
5
0
0
0
0
0
0
0
0
0
0
0
0
0
0
0
0
0
0
2
0
0
0
0
0
0
0
1
0
0
0
0
0
0
0
0
0
0
10
0
0
0
4
0
0
0
0
0
0
2
0
0
0
0
0
0
0
0
0
0
0
0
0
0
0
0
0
0
0
0
0
0
0
0
0
0
0
0
0
0
0
0
0
0
0
1
0
0
0
0
0
0
4
0
0
0
0
0
0
0
0
0
0
0
0
0
0
0
0
0
0
0
0
0
0
0
0
0
0
0
2
0
0
0
0
0
0
0
0
0
0
0
1
0
0
0
0
0
0
0
0
0
0
18
0
0
28
0
0
0
0
0
0
5
0
0
0
0
2
0
1
1
0
0
0
0
0
0
0
0
0
0
0
0
0
0
0
0
3
0
0
0
0
0
0
0
0
0
0
0
0
0
3
0
0
0
0
0
0
0
0
0
0
0
25
0
0
0
0
0
0
0
1
0
1
0
0
3
1
10
0
0
0
0
0
0
0
0
0
0
0
0
0
0
0
1
0
0
1
0
0
0
0
0
0
0
0
0
0
0
0
2
0
2
0
0
0
0
2
0
0
0
0
0
0
0
0
0
0
0
0
0
1
0
3
0
0
0
0
1
0
0
0
0
2
0
0
0
0
0
0
0
0
0
0
0
0
0
3
0
0
4
0
0
1
2
0
22
0
0
0
0
0
0
0
0
0
0
0
0
0
2
0
0
0
0
0
0
0
0
0
0
0
0
0
0
0
0
0
0
0
0
0
0
0
0
0
0
0
0
0
0
0
5
0
0
0
0
0
0
0
0
0
0
0
0
0
0
0
0
1
0
0
0
0
3
0
0
0
0
0
0
0
0
0
0
0
0
0
0
0
0
0
0
0
8
0
0
0
0
0
0
0
0
0
0
0
0
0
0
0
0
1
2
0
0
0
0
0
2
0
0
0
0
0
0
0
0
0
0
0
0
0
1
0
0
0
2
4
0
0
0
0
2
0
0
0
0
0
0
0
0
0
0
0
0
0
0
0
1
0
0
1
0
0
0
0
0
1
2
1
0
0
0
0
0
0
0
0
0
0
0
2
0
2
0
0
0
0
0
0
0
2
0
0
0
0
0
0
0
0
1
0
0
0
0
0
0
0
1
0
0
0
0
0
0
0
0
0
0
0
0
0
0
0
0
0
0
0
0
0
0
0
0
2
0
0
0
0
0
3
3
0
0
0
0
0
0
0
0
0
0
0
0
0
0
0
0
0
0
0
0
1
0
0
0
0
2
0
0
0
0
0
0
2
0
0
0
0
0
0
0
0
0
0
0
0
0
0
0
0
0
0
0
0
2
0
0
0
0
0
2
0
0
0
0
0
3
0
2
0
4
0
0
0
0
0
0
0
1
2
0
0
0
0
9
0
0
1
0
0
0
0
2
0
0
0
0
0
0
0
0
0
2
2
0
0
0
2
0
0
0
1
0
0
2
0
117
0
0
0
0
0
0
0
0
0
0
0
0
0
0
0
0
0
0
2
0
0
0
0
0
0
0
0
0
0
0
0
0
0
0
0
0
66
0
0
0
0
0
0
0
0
0
0
0
0
0
0
0
0
0
0
1
0
0
0
0
0
0
0
0
0
0
0
1
2
0
0
0
3
0
0
2
0
0
0
0
0
0
0
0
0
0
0
2
0
0
0
0
0
0
0
0
3
0
0
0
0
0
0
0
0
0
0
2
0
0
0
0
0
0
0
0
0
0
0
0
0
0
0
0
0
0
0
0
0
0
0
0
0
0
0
1
0
0
0
0
0
2
0
0
0
0
0
0
2
0
0
0
0
0
1
0
0
0
2
0
0
0
0
0
0
0
0
0
0
0
0
2
0
0
0
0
0
0
0
0
0
0
0
0
0
0
0
0
2
0
4
0
0
0
0
0
0
0
1
0
0
0
0
0
0
0
0
0
0
2
0
0
0
0
0
0
0
4
0
0
0
0
0
0
0
0
0
0
0
0
0
2
2
28
0
0
0
0
0
0
8
0
0
0
0
0
0
0
0
0
0
0
0
0
0
0
0
0
2
0
0
0
0
0
0
0
0
0
0
550
0
0
0
0
0
0
0
0
0
0
0
0
0
0
0
0
0
0
0
0
1
0
0
0
0
0
0
0
0
0
0
0
0
0
0
0
0
0
0
0
0
0
0
0
0
0
1
2
2
0
0
0
0
0
0
0
0
0
0
0
0
0
0
0
0
0
0
0
0
0
1
0
0
0
0
0
0
0
0
0
0
0
0
0
0
0
0
0
0
0
0
0
0
0
0
0
0
0
0
0
0
0
0
0
0
0
2
0
0
0
0
0
0
0
0
0
0
0
0
0
0
0
0
0
0
0
0
0
0
0
1
2
0
0
0
0
0
0
0
0
3
0
0
0
0
0
0
0
0
0
0
0
0
0
0
2
0
0
0
0
0
0
0
0
0
0
0
0
0
0
1
0
0
0
0
0
0
0
1
0
0
0
0
0
0
1
0
0
0
2
0
0
0
0
0
0
0
0
0
0
0
2
1
2
0
0
0
0
0
0
0
0
0
0
0
0
0
0
0
0
0
2
0
0
0
0
0
0
0
0
0
2
0
0
0
0
0
0
0
0
0
0
0
0
0
0
0
0
0
0
0
4
0
0
0
0
2
0
2
0
0
2
0
0
2
0
0
0
0
0
0
0
0
0
0
0
0
0
0
0
0
0
0
0
0
0
0
1
1
0
0
0
0
0
0
0
0
0
0
0
0
0
0
0
0
0
0
0
0
0
0
0
0
0
0
0
1
0
0
0
0
0
0
0
0
1
0
0
0
0
0
0
0
0
0
0
1
0
0
0
0
0
2
0
0
0
0
0
0
0
0
0
2
0
0
0
0
0
0
2
0
0
0
0
0
0
0
1
2
0
0
0
0
0
0
0
0
0
0
0
0
0
0
0
0
0
0
0
0
0
0
0
0
0
0
0
0
0
0
0
0
0
0
0
0
2
2
0
0
0
0
0
0
0
0
0
0
0
0
0
0
0
0
0
0
0
0
