37
430
33306
775
16364
19921
2332
4728
10166
8
24171
5660
79091
6714
35509
8161
16819
810
22488
17357
73394
19828
580
67780
17076
36087
6837
6783
3847
3262
16069
9812
10870
2656
16393
12436
81204
80998
693
2906
26885
8241
42022
269
0
56285
2800
14951
6602
29418
12866
56204
6230
44334
67859
42727
12931
9139
6480
42
36078
209
4287
7019
4417
7709
610
9231
3613
41217
37016
77481
17266
999
25173
21598
4384
22
18868
16767
28346
21215
83346
82625
27844
21334
5668
52269
43216
24015
72688
3552
31281
0
32512
31291
18925
18804
4
25537
80834
27377
0
17
55295
14365
286
81986
79826
13656
9079
125092
25376
101692
45562
96880
36697
10625
6981
21893
12632
9271
27
114342
31099
18364
6030
31080
22902
4006
41067
72447
66662
131370
64055
101598
92044
47611
29360
112714
57
29160
235
97572
90
0
0
37894
83453
0
0
0
55470
7572
74329
63334
31427
9589
1247
0
34961
88
78
25567
20
6
110
15173
50002
121
3
314
236
233
28
0
0
0
0
66963
24351
206
15294
25621
431
332
230
72
51001
850
76385
30489
87460
42799
25897
10830
16643
9131
6
12522
70
61387
49374
82
0
0
0
20136
17656
0
8248
0
389
109392
9
9987
19909
21983
10889
0
112541
13809
15
114
33573
2
82772
65842
36611
13292
22
0
214
0
7747
112125
5425
58137
764
30866
30530
87138
52873
500
54
30027
6
13648
25
0
4
0
48182
325
15120
209
9908
245
0
3
3
139
0
9754
0
33875
2918
2
29397
0
5767
8
8750
14402
154793
4
9361
19115
4657
22946
16590
14076
77
607
41964
0
0
34
23915
1241
14242
4769
92
1567
25473
0
73239
990
820
2
0
0
0
0
0
0
0
0
3137
3088
13535
110712
28390
25038
68
10812
21497
53
320
28030
8780
22
9
16
3389
142
42278
189
354
21337
9010
31189
0
0
0
4
27
67
7649
3687
75
0
52
16162
28669
20941
12754
60187
612
34941
15070
3291
46
229
0
25449
51
5276
10030
11209
6340
151
0
5984
880
67178
46260
319
9197
0
17139
409
0
0
37619
248
0
479
13939
7050
33194
30157
34053
1964
13522
26
15059
15840
34051
0
4
0
11144
4
0
417
15318
0
30374
18212
34
2465
4928
12904
0
26
9275
84552
0
0
14505
438
21512
2718
14793
22
27142
895
64470
29831
12225
2444
100572
39
7918
6957
15139
14368
7351
5846
6800
5480
4832
81999
1
85202
13873
86084
16661
23932
13575
23963
5821
50
8462
5457
8360
4242
7953
166
95501
6003
33886
5540
34594
9111
11690
412
268
1453
1417
15576
2212
31100
2733
2735
117632
11669
21372
2735
4011
0
169328
80169
220
273
79263
1
19
0
0
0
0
0
0
0
2
0
0
0
0
0
0
0
0
4
0
0
0
0
0
0
0
0
0
0
0
0
6
0
0
0
0
0
0
0
0
0
0
0
0
2
0
0
0
0
0
0
0
0
0
0
0
2
0
2
0
0
0
3
0
0
0
0
0
0
0
0
0
4
3
0
0
19
0
0
0
0
0
0
0
0
0
0
0
2
0
0
0
228
0
0
0
0
0
0
0
0
81
0
0
0
6
0
2
0
0
0
0
0
0
0
2
0
0
0
0
0
0
0
0
0
0
0
2
0
0
0
4
0
2
0
0
0
0
0
1
0
0
0
0
0
0
0
0
0
3
0
2
0
0
0
0
0
0
0
0
3
0
0
0
0
0
0
0
2
0
2
0
0
9
0
0
0
0
0
0
0
0
0
0
0
0
6
0
9
0
0
0
1
2
0
0
0
0
2
0
0
0
2
0
0
5
0
0
0
2
0
0
3
0
0
2
0
0
0
0
0
0
0
0
0
0
2
2
8
0
0
0
0
2
0
0
4
0
0
4
0
0
0
0
0
0
0
0
0
0
0
2
0
0
0
0
0
0
0
0
0
0
0
0
0
7
0
0
0
0
2
0
0
0
0
2
0
0
0
0
2
2
0
0
0
0
0
0
0
0
0
3
0
0
0
0
0
0
0
0
0
0
0
4
0
0
18
0
0
0
0
0
0
2
14
0
0
0
0
13
0
0
2
0
0
0
0
0
0
0
0
0
0
0
0
0
0
0
0
0
0
0
0
0
0
1
0
0
0
0
6
0
0
2
3
0
2
0
0
0
0
0
0
0
0
0
0
0
0
0
2
0
0
0
0
0
0
0
0
0
0
0
0
0
0
0
0
0
0
4
0
82417
0
0
0
2
0
0
0
0
0
0
0
0
0
0
2
0
2
4
0
0
0
0
0
0
0
0
0
0
26
0
7
0
0
2
0
0
0
0
0
0
0
0
0
0
2
0
0
0
0
1
0
2
0
0
0
3
0
2
0
0
0
0
3
0
0
0
0
0
0
2
0
0
0
0
0
0
0
0
2
0
0
0
13
0
0
0
0
0
0
0
0
0
0
0
0
0
0
0
0
0
0
2
0
2
2
0
0
1
0
0
0
0
0
0
0
2
0
2
0
0
0
0
0
0
0
0
0
0
0
0
0
1
3
0
0
0
0
0
5
0
0
0
0
0
0
0
2
0
0
0
0
0
6
0
2
0
0
0
0
0
0
2
0
0
0
0
0
0
0
0
0
2
0
0
0
0
0
0
0
2
0
0
2
0
0
0
0
0
29
2
0
0
0
0
0
0
0
3
0
0
0
0
0
0
0
0
0
2
2
0
0
2
4
0
0
2
0
0
0
0
0
0
0
0
0
0
0
2
3
3
1
0
0
0
0
0
0
0
0
0
0
0
0
0
0
0
0
0
0
0
1
17661
0
1
0
0
0
0
1
0
6
0
0
0
0
0
1
0
0
2
0
0
0
0
0
0
0
0
2
0
0
2
9
0
3
0
0
1
12
0
0
2
0
0
0
2
0
0
0
0
0
0
2
0
0
0
0
0
0
0
0
0
30
0
0
0
0
0
0
0
0
0
0
0
0
0
0
0
0
0
4
0
0
31
0
2
0
0
0
0
0
0
9
0
0
0
4
0
8
11
0
0
18
0
2
0
2
0
0
0
0
0
0
0
0
0
0
0
0
0
0
4
4
0
2
0
0
0
0
0
0
0
0
0
0
0
0
2
0
0
24
0
0
0
13
0
0
0
0
0
0
0
0
0
0
0
0
6
0
0
0
2
0
0
0
0
0
0
0
0
0
0
0
0
0
0
2
2
3
6
0
0
0
0
2
0
4
1
0
0
0
0
0
0
17
0
0
0
0
0
0
0
0
0
0
0
2
0
0
0
0
0
0
0
0
0
0
0
0
0
0
0
0
0
0
0
0
0
0
0
0
2
0
2
0
0
0
0
0
0
0
0
0
0
0
15
0
2
5
0
0
0
0
0
4
7
0
0
2
2
0
0
0
0
0
0
0
0
0
0
0
0
0
0
2
4
0
0
0
2
2
0
0
0
0
0
0
0
0
0
0
0
0
2
2
0
2
0
0
0
2
0
0
1
0
0
112
1
0
0
0
0
0
0
15
2
1
0
2
2
3
35
0
4
0
0
2
0
0
0
0
0
0
0
0
0
3
4
0
1
0
0
0
0
0
0
0
2
0
0
0
0
0
0
0
0
2
0
2
0
8
0
0
0
4
0
0
2
0
3
0
2
4
0
14
3
19
2
0
0
0
5
0
0
2
0
7
0
0
2
0
0
0
0
0
0
2
0
0
0
0
0
0
0
0
0
4
0
0
57
0
0
0
0
0
0
0
2
0
2
2
0
0
0
0
0
0
0
0
2
1
0
0
0
0
0
0
0
0
2
0
0
0
0
0
0
0
0
0
0
0
0
0
0
0
27
0
2
0
0
1
0
1
0
0
0
0
0
0
0
0
0
0
0
0
0
0
1
0
0
0
0
0
3
0
0
0
0
0
0
0
0
0
0
0
0
0
3
0
2
0
0
0
0
0
0
0
0
0
0
0
0
0
2
7
1
0
0
0
0
0
4
0
0
0
0
2
0
0
0
0
0
0
0
0
0
0
0
0
5
0
0
0
0
0
0
0
0
0
0
3
0
0
0
0
1
0
0
0
0
0
3
0
2
3
0
0
0
0
0
1
2
0
0
0
0
0
0
0
2
0
0
2
2
0
0
0
0
0
6
0
0
0
0
0
2
0
1
0
0
0
0
0
0
2
0
0
0
0
0
0
0
0
0
0
0
0
0
0
0
0
0
0
0
0
0
0
0
0
0
0
2
0
0
0
0
2
0
0
0
2
2
8
4
0
2
0
6
0
0
0
2
2
0
0
2
0
0
0
2
2
0
0
0
0
0
0
0
0
1
0
0
0
0
0
0
0
1
0
0
0
0
2
0
0
2
0
0
0
0
0
0
0
7
0
0
0
5
0
0
0
0
0
0
0
0
0
0
0
1
0
5
0
10
10
0
0
0
0
19
0
0
0
0
0
2
0
47
0
0
0
0
0
0
2
5
0
0
0
0
0
0
2
0
0
2
4
0
0
0
2
0
0
2
7
0
0
2
0
53
2
0
0
0
0
4
0
0
0
0
2
0
0
1
0
0
0
0
0
0
0
0
0
4
0
6
0
0
0
0
0
6
0
2
0
0
327
0
0
0
0
0
0
0
0
0
0
0
0
0
0
0
0
0
0
1
0
0
0
0
0
2
0
0
0
0
0
14
10
0
2
2
0
2
0
2
0
0
0
0
0
0
0
0
0
0
0
3
0
0
2
0
0
0
0
2
5
0
0
0
0
0
2
16
0
0
0
10
0
0
0
0
0
0
0
0
0
0
0
0
0
0
0
0
0
0
0
0
0
0
8
0
2
0
0
3
0
1
0
0
4
6
0
0
0
0
2
0
3
0
0
0
0
0
0
0
0
0
2
2
0
0
0
0
0
0
0
2
2
0
0
0
0
0
2
0
0
0
0
0
0
0
0
0
0
0
2
0
12
0
3
0
0
0
0
0
0
0
0
0
0
7
2
0
6
0
0
1
0
6
0
1
1
7
0
0
0
8
0
0
7
2
0
0
4
0
0
0
0
0
0
4
4
17
0
0
0
2
0
0
64
0
0
0
0
0
0
3
0
2
0
2
0
0
0
0
0
0
0
0
0
0
0
0
0
0
0
0
0
80
0
0
0
0
0
0
2
0
0
0
0
0
2
0
0
0
0
0
1
0
2
0
0
0
0
0
0
0
0
0
0
0
0
0
2
0
2
0
0
0
0
0
0
0
0
0
0
0
0
0
0
2
0
3
0
0
0
0
0
7
0
0
0
0
0
2
0
0
0
0
2
0
0
0
0
0
0
0
0
0
3
0
0
0
0
0
0
4
0
0
0
2
0
0
0
0
0
0
0
0
2
0
0
8
0
0
2
0
2
0
0
0
0
0
0
0
0
0
0
0
0
0
0
0
0
0
0
3
0
0
0
2
0
2
0
2
0
0
0
0
16
0
0
0
0
0
0
0
0
0
0
0
4
0
5
0
0
0
0
0
3
0
0
0
0
0
2
2
0
0
0
0
0
0
0
0
0
0
2
0
0
0
0
0
6
2
0
0
0
0
0
0
0
0
0
0
2
0
0
0
0
0
0
0
0
0
0
4
0
0
8
0
0
0
2
0
3
0
0
2
4
2
0
0
0
0
0
0
0
0
0
2
0
2
0
0
0
0
0
0
0
0
0
0
0
1
0
1
0
0
0
20
0
0
0
2
2
0
0
0
0
0
3
0
4
0
0
0
0
0
0
0
0
0
0
0
0
0
0
0
2
2
0
0
0
0
0
1
28
0
0
0
3
0
2
0
0
0
0
0
0
0
0
0
5
0
0
0
0
0
0
0
0
0
0
0
0
0
0
2
0
0
1
0
0
7
1
0
0
0
0
0
0
0
0
0
0
1
0
1
0
1
0
2
2
0
0
5
0
0
0
0
0
4
4
0
0
0
0
0
0
0
0
0
0
0
2
0
0
0
0
0
0
0
0
0
0
0
0
0
0
0
0
4
0
2
2
2
0
0
0
0
0
0
0
0
0
0
0
0
0
0
0
0
0
5
2
0
2
0
0
0
0
0
0
0
0
0
0
0
2
0
0
0
0
2
0
