49
28307
174341
190550
173803
491919
43955
1391
69443
18
65525
207
414177
58403
226525
69584
167062
142144
324139
60312
655780
484917
130
69901
462
158967
140985
140783
16681
81
53289
32710
28469
123
64771
58035
84844
83574
284
124321
43623
212572
356531
182
0
557149
78567
44051
940
320707
164541
352227
26286
102846
282788
145789
87056
59598
38585
67
298476
172
144
315
107
5026
125
77309
28081
772173
630059
283510
350177
88641
198910
115833
29783
131
127344
110358
82940
35251
705713
688679
647063
213034
68721
469325
361308
829863
424930
344
198079
0
34087
415941
233008
235480
67
382954
654661
137849
0
38
261837
34205
340
187140
175928
110079
62990
322618
137157
1707235
869542
1113105
72709
612
374
228688
1063
849
75
989062
406137
170395
124715
72467
4166
76673
547053
767461
67013
561425
61223
444009
328600
586255
493394
630292
56
129526
403
549298
235
0
0
112829
175644
0
0
0
294117
683
848463
683437
464757
242863
256394
0
5496
83
69
2033
23
3
86
85037
627482
20136
231
57610
43493
205
383
0
0
0
0
340484
1877
130
122
78523
992
574
844
440
152788
32671
366320
124070
470335
249211
178506
212
174413
71528
14
199609
53
167581
229886
126
0
0
0
172097
35102
0
224846
2
530
681255
51
381
1494
84283
314
0
1783300
170846
43
252
431341
2
292221
546823
18948
156166
39
0
67041
0
292392
1770534
82217
1007369
8661
189503
2459
455245
537684
52521
24
828856
0
248966
58
0
6
0
1097860
597
81363
260
304832
136
0
0
0
140
0
12189
1
277491
521
0
223389
0
71
46
738
633
1680310
0
459
197891
142428
1286
133552
1702
148
338
83076
0
0
20
78383
457
152936
53
97
229591
137
0
2272
22
3523
0
0
0
0
0
0
19
0
5
96
56
156
297542
54711
2500
154
128393
134005
25
578
2555
71586
34
129
15
52471
467
144226
175
88822
153961
234390
252790
0
0
0
14
118
182
302
185627
141
0
94
107
172386
63994
455
9178
40396
114054
112
16
89
480
2
65019
76
438
394703
149197
65
462
0
59617
69122
177909
333984
1119
82581
0
101762
53440
0
0
144552
352
0
608
111944
57530
209541
172890
2799
527679
179
162
52030
73857
554749
0
1
0
1427
19
2
68917
121116
1
89336
51625
50
110592
40706
134604
12
40
5247
748637
4
0
107096
106180
375682
36
749
82
96208
62736
747583
299270
260275
344
511921
132
325168
302785
274052
235745
77
53
106
94
229862
1009999
0
685031
139329
616060
54338
403298
250229
227453
14424
31
84
41
140
89
87865
159
655303
449590
422544
92048
394746
52696
151514
47126
45044
6673
118
149939
85365
713078
126215
250
675345
83845
205683
8243
54835
0
2606127
566212
6808
316
563670
3
0
0
0
0
0
0
0
0
2
0
2
0
0
0
0
0
0
2
0
0
0
0
1
0
0
0
0
2
0
0
0
0
0
0
0
0
0
0
0
0
0
0
0
0
0
0
0
2
0
0
0
0
0
0
0
0
0
2
0
0
0
0
0
0
0
0
0
0
0
0
0
0
7
0
0
0
0
0
0
0
0
0
0
0
0
0
0
4
0
0
0
90
0
0
0
0
0
0
0
0
9
0
0
0
0
0
0
0
0
0
0
0
4
0
0
0
0
0
0
9
0
0
0
0
0
0
2
0
0
0
0
0
0
2
0
0
0
0
3
2
0
0
0
0
0
0
2
0
1
0
0
0
0
0
0
0
0
0
0
0
0
0
2
0
0
0
0
0
0
4
0
0
0
0
0
2
0
0
0
2
0
0
1
0
0
0
0
315
0
0
0
0
2
0
0
0
0
5
0
0
0
0
0
0
0
0
0
0
0
0
0
0
0
0
0
0
0
0
0
1
0
0
0
0
0
1
1
2
0
0
0
0
0
1
0
0
0
0
2
0
0
0
0
9
2
0
0
0
0
0
1
0
0
0
5
0
0
0
0
0
0
0
0
0
2
0
0
0
0
0
0
0
0
0
4
0
2
0
0
6
0
0
0
0
0
0
0
0
0
4
4
0
0
0
0
2
2
2
0
0
0
0
6
0
0
8
0
0
0
0
0
0
0
6
0
0
0
0
0
0
0
0
0
0
0
0
0
0
2
0
0
0
0
0
3
3
0
0
0
2
2
1
0
0
0
2
0
0
0
0
0
0
0
2
0
0
2
0
2
0
0
0
0
12
0
0
0
0
0
0
0
0
2
0
0
0
0
0
2
0
0
0
0
0
2
0
0
0
4
0
265948
0
0
0
0
0
0
0
1
0
0
0
0
0
3
2
0
0
14
0
0
0
0
0
0
0
0
0
0
2
0
2
0
0
0
0
0
0
0
0
0
7
0
0
0
0
0
0
0
0
0
0
2
0
6
2
2
0
0
0
0
0
0
10
0
0
0
2
0
0
0
0
0
0
0
0
2
0
1
0
0
0
0
2
0
0
0
0
0
0
0
0
0
1
0
0
0
0
0
0
0
2
0
0
0
0
0
2
12
2
0
0
0
0
3
0
0
0
0
0
0
0
0
0
0
0
0
0
0
0
0
0
0
0
0
0
0
0
0
7
0
0
0
0
0
0
0
0
0
0
1
0
0
4
0
0
0
0
0
0
0
4
0
0
0
0
0
0
0
2
0
0
0
0
0
0
2
0
0
0
0
0
0
0
0
0
0
0
0
7
0
0
0
0
0
0
0
0
0
0
3
0
0
0
0
0
0
0
0
0
0
0
0
0
0
0
0
0
0
0
0
0
0
0
0
0
0
0
0
0
0
2
0
0
0
0
0
0
10
0
0
0
0
0
0
0
0
0
0
2
0
0
118902
0
0
0
0
0
0
4
0
0
0
0
0
0
0
0
0
0
0
0
0
0
0
0
0
0
0
4
0
0
0
6
0
0
0
0
0
0
0
0
0
2
0
0
0
0
0
0
0
4
0
0
0
0
0
0
4
0
0
0
0
4
0
4
0
0
0
0
0
0
0
0
0
0
0
1
0
0
0
0
0
0
4
0
0
0
0
1
0
2
0
0
0
0
0
74
1
0
0
0
0
0
0
2
0
0
0
0
0
0
0
0
0
0
0
0
0
0
0
0
0
1
0
0
0
0
0
0
1
0
0
0
0
0
0
0
0
0
0
10
0
2
0
0
0
0
0
0
0
0
2
0
0
0
0
0
0
0
0
0
0
0
0
0
0
2
0
0
0
0
0
0
0
0
0
1
0
0
0
0
0
0
0
0
0
0
2
0
0
0
0
0
1
2
0
0
0
0
0
0
4
0
0
0
0
0
0
0
0
0
1
0
0
0
0
1
0
0
0
0
0
2
0
0
0
0
0
0
0
0
0
0
0
2
0
0
0
0
0
0
0
0
4
0
45
0
0
106
0
0
0
0
0
0
2
0
0
0
1
2
0
1
1
0
0
0
0
0
2
0
1
0
0
0
0
0
0
0
2
0
0
0
0
0
0
0
0
0
0
0
0
4
0
2
0
2
0
0
0
0
0
0
0
0
0
12
1
0
0
0
0
0
2
0
2
5
0
0
2
7
0
0
0
0
0
0
0
0
0
0
0
0
0
0
0
0
0
0
0
3
0
0
0
0
0
0
0
0
0
0
0
0
0
0
9
0
0
2
0
0
0
0
0
4
0
0
0
0
0
0
0
0
0
0
0
0
0
0
0
0
6
0
0
0
0
2
0
0
0
0
0
0
0
0
0
0
0
0
0
1
0
0
0
0
0
0
0
0
19
2
0
0
0
0
0
2
0
0
0
0
0
0
0
0
0
0
0
0
0
0
1
0
0
0
0
0
0
0
0
0
0
0
0
0
0
0
2
0
0
0
0
0
0
0
2
0
0
0
0
2
0
0
0
0
0
0
0
0
0
0
0
9
0
0
0
0
12
0
0
0
0
0
0
0
0
0
0
0
0
0
0
0
0
0
0
0
32
0
0
0
0
0
0
0
1
0
0
0
0
0
0
0
0
1
0
0
0
0
0
0
0
0
0
0
0
0
0
0
2
0
0
0
0
0
0
0
0
0
6
2
0
0
0
0
0
0
0
2
0
0
0
2
0
0
0
0
0
0
0
0
0
0
0
0
0
1
0
0
0
12
0
15
0
0
0
0
0
0
0
0
0
0
0
0
0
0
4
2
0
0
0
0
0
0
0
0
0
0
0
0
0
1
42
0
0
0
0
0
0
0
0
0
0
0
0
0
0
0
0
0
0
0
0
0
0
2
0
0
0
0
0
0
0
0
0
0
0
0
0
0
0
2
3
0
0
0
2
0
0
0
0
0
0
0
2
0
0
0
1
2
0
0
0
2
2
0
0
1
0
0
0
0
0
0
0
0
1
0
0
0
0
0
0
1
2
0
0
0
0
0
0
0
0
0
0
0
2
0
1
0
0
0
0
0
0
0
0
0
0
0
0
0
2
2
0
0
2
0
0
0
1
15
1
0
0
0
10
2
0
0
0
0
0
0
0
2
0
0
0
0
0
0
0
0
22
0
0
0
0
4
0
0
0
2
0
0
0
0
472
0
0
0
0
0
2
2
0
0
0
0
0
0
2
0
0
0
0
0
0
0
2
0
0
0
0
5
0
0
0
0
0
0
0
2
0
38
0
0
0
0
0
2
0
0
0
0
0
0
0
0
0
0
0
0
0
0
0
0
0
0
2
0
0
0
0
0
1
0
0
0
0
1
0
0
0
0
0
0
2
0
4
0
0
2
0
0
19
0
0
0
0
0
0
0
0
2
0
0
0
0
0
0
2
0
0
0
0
0
0
0
0
0
0
0
0
5
0
0
0
0
0
0
0
0
0
0
0
2
0
2
0
0
0
1
23
0
0
3
0
0
2
0
1
0
0
0
0
4
0
0
0
0
0
5
0
0
0
0
0
1
0
0
0
1
2
0
0
0
0
0
0
0
0
2
0
0
0
0
2
0
0
0
0
0
0
0
0
0
0
2
0
0
0
0
0
0
0
0
0
0
1
0
0
0
1
0
0
0
2
1
24
9
2
4
0
0
2
6
0
0
0
0
2
0
0
0
0
2
0
0
2
2
38
0
0
3
0
0
0
22
0
0
0
0
1
1
0
0
0
0
0
0
0
0
2
0
1
0
6
0
0
0
0
0
0
0
0
1
66
0
0
0
0
2
6
0
0
0
0
0
0
0
0
0
0
0
0
0
2
0
0
0
0
0
0
2
0
0
0
0
0
0
0
0
0
0
0
0
0
0
0
0
0
0
0
0
0
0
0
0
0
0
0
0
12
2
2
0
0
0
0
0
0
0
0
0
0
0
0
0
0
0
0
0
0
0
2
0
0
0
2
0
0
0
0
0
0
0
0
0
0
0
0
0
0
0
0
0
0
0
0
0
0
0
0
0
0
0
0
0
0
0
0
0
0
0
0
0
0
0
0
0
1
0
0
0
0
0
0
1
25
0
0
4
0
0
0
0
0
0
0
0
0
0
2
0
0
0
0
0
0
0
0
0
0
0
0
0
0
5
0
0
0
0
0
0
2
0
0
0
0
0
0
0
3
0
0
0
0
0
0
0
0
2
0
0
4
2
1
0
0
0
0
0
0
0
0
0
0
0
9
13
0
0
0
0
0
2
2
2
0
0
0
0
0
0
0
0
0
0
0
0
0
0
0
0
0
1
0
0
2
0
4
0
3
0
0
0
0
0
0
0
0
0
0
0
0
0
0
0
1
0
0
0
0
0
0
0
0
0
6
0
0
2
0
2
0
0
0
0
0
0
0
0
0
0
0
0
0
0
0
0
0
0
1
0
9
0
0
0
0
4
6
0
0
0
0
0
0
0
2
0
0
1
0
0
0
0
0
0
0
0
0
0
0
0
0
0
2
0
0
0
0
0
5
0
0
0
0
0
0
0
0
0
0
0
4
0
0
0
0
0
0
0
0
1
0
0
0
0
0
0
0
0
0
0
0
0
1
0
0
0
0
0
0
0
1
0
0
0
1
0
0
0
0
0
0
0
0
0
0
0
2
0
0
2
0
0
0
0
0
0
0
0
0
0
0
0
0
0
0
0
0
0
2
4
0
2
0
0
0
0
0
0
0
0
2
0
0
0
0
0
1
0
0
0
