18
15453
101404
811
951
91144
3779
61674
1342
18
226678
10981
257100
437
180460
517
60809
714
48695
55693
169094
115464
702
75748
68699
119810
1376
1104
16115
16010
120546
73272
85040
22660
66504
50418
303808
302939
100291
586
13849
41701
475605
59124
0
137985
32670
62482
59969
56957
5419
151332
29478
200332
139252
53839
915
624
456
19
466725
202
124
9037
3894
19939
2153
33274
11724
179006
159857
295309
90206
10243
135405
113546
3057
6
12375
11058
55145
23714
473996
472749
40143
34084
771
118766
102732
116096
17984
60
53589
0
112052
44898
27148
27124
3
65739
192974
78073
0
28
45461
28810
22075
38703
33589
51687
22865
264215
110153
483623
271987
294566
2187
46049
38505
142608
24794
13151
64
529824
99570
87611
56454
70348
33618
42510
219590
64559
33402
734860
157268
249228
202456
238259
193818
531888
5455
98988
164
282018
89
0
0
24656
230746
0
0
0
191403
103504
130002
107951
77253
37727
17931
0
92846
101
84
166741
34
14
51111
10955
463233
179
8
378
258
17057
48
0
0
0
0
320426
700
5131
7293
33958
48794
37884
19469
144
188075
1262
236044
81573
307572
166159
33656
149
88097
4327
15
20143
25162
67585
47236
55
0
0
0
70867
143825
0
116906
0
619
279652
64
228
21882
111006
45306
0
535351
55767
37
36
209778
0
17232
1693809
29591
43664
13525
0
268
0
134102
533808
25473
493026
987
23243
23414
111477
327959
312
18
22626
0
40480
12615
0
0
0
347171
323
50011
259
10579
39
0
0
0
18076
0
73871
0
76411
114
0
224944
0
13337
20
6360
16377
902082
1
52438
81320
19360
57707
43644
22956
41
8850
13425
0
0
1158
517
39172
107915
38
71
7902
9818
0
158231
12
551
0
0
0
0
0
0
3
0
2716
49657
26583
25245
211945
196210
8159
49
23710
87641
20
206
39664
12269
19
25
36
10356
97
98238
14248
311
133121
48834
59544
0
0
0
22
116
70
149
52361
13
0
24
122
85653
79082
135016
150155
22596
58387
8805
13
18847
361
0
224764
14
36352
2025
18857
43
183
0
67680
754
205136
24532
184
411912
0
778
211
0
0
343887
45854
0
53365
86575
57684
120626
100989
43818
45693
28379
36
100789
39309
219471
0
7
0
86583
9
0
10556
39988
0
1938
74709
24196
712
245
51695
0
34
1132
504706
2
0
8374
399
134855
30
17547
52
101365
102704
134267
18766
52556
40347
522360
851
159073
156838
39361
19732
8763
4506
25828
23819
2166
824488
3
96712
15030
96841
10166
83766
37804
77394
27485
46
9348
7172
4333
54
109879
35319
532464
71859
90003
18204
86363
16252
81931
3783
3710
552
45
92441
23151
178616
4876
37
565310
362
201199
149
78258
0
1594410
512438
28
19831
333708
0
2
0
0
0
0
0
0
0
0
0
0
0
0
0
0
0
2
2
0
0
0
0
0
0
0
0
0
0
0
0
0
0
0
0
0
0
0
0
0
0
0
0
0
0
0
0
0
0
0
0
0
0
0
0
0
0
0
0
0
0
2
0
0
0
2
0
0
0
0
0
0
0
1
0
0
4
0
0
0
0
0
0
0
0
0
0
0
4
0
0
0
110
0
0
0
0
0
0
0
0
20
0
0
0
2
0
0
0
0
0
0
0
0
0
0
0
0
0
0
0
1
0
0
0
0
0
0
0
0
0
0
0
0
4
0
0
0
0
0
0
0
0
0
0
0
0
0
0
0
0
0
0
0
0
0
0
0
0
0
1
0
0
0
0
0
0
0
0
0
0
0
0
2
0
0
0
0
0
0
0
0
0
0
0
0
0
0
26
0
0
0
0
0
0
4
0
0
0
0
0
0
0
0
0
0
0
0
0
0
0
0
0
0
0
0
0
0
0
0
0
0
0
0
0
0
2
2
24
0
0
0
0
0
0
0
0
0
0
4
0
0
0
2
0
0
0
0
0
0
0
0
0
0
0
0
0
0
0
0
0
0
0
0
0
4
0
0
0
0
0
0
0
0
0
0
0
0
0
0
2
0
2
0
0
0
0
0
0
0
0
0
0
0
0
2
0
0
0
1
0
0
0
112
1
0
8
0
0
0
0
0
0
0
24
0
0
0
0
5
0
0
0
0
0
0
0
0
0
0
0
0
0
0
0
0
0
0
0
0
0
0
1
0
0
0
0
0
0
0
4
0
0
0
2
0
0
0
0
0
0
0
0
0
2
0
0
0
0
0
0
0
0
0
0
0
0
0
0
0
0
0
0
0
0
0
0
0
0
0
0
82021
0
0
0
0
0
4
0
0
0
0
0
0
0
1
0
0
0
0
0
0
0
0
0
0
0
0
0
0
9
0
0
0
0
0
1
1
0
0
0
0
0
0
0
0
0
0
0
0
0
0
2
0
0
0
0
0
0
0
0
0
0
0
3
0
0
0
0
0
0
0
0
0
0
0
0
0
0
0
0
0
0
0
0
0
0
0
0
0
0
0
0
0
2
0
0
0
0
0
0
0
0
0
0
0
0
0
0
3
0
0
0
0
0
0
0
0
0
0
0
0
0
0
0
0
0
0
0
0
0
0
0
0
0
0
0
0
0
0
0
0
0
0
0
0
0
0
0
1
0
0
0
0
0
0
0
0
0
0
0
0
0
0
4
0
0
0
0
0
2
0
0
0
0
0
0
0
0
0
0
0
0
0
0
1
0
0
8
0
1
0
0
0
0
0
0
0
0
0
0
1
0
0
0
0
0
0
0
0
0
0
0
0
2
0
0
0
0
0
0
0
0
0
0
0
0
0
0
0
0
0
0
0
2
0
0
0
0
0
0
0
0
0
0
0
0
0
0
0
0
0
0
110225
0
0
0
0
0
0
0
0
0
0
0
0
0
0
0
0
0
0
0
0
0
1
0
0
0
0
0
0
0
0
3
0
0
0
0
0
6
0
0
0
0
0
0
0
0
0
0
0
0
0
0
0
0
0
0
0
0
0
0
0
18
0
0
0
0
0
0
0
0
0
0
0
0
0
0
0
0
0
0
0
0
8
0
0
0
1
0
2
0
0
5
0
0
0
12
0
0
2
0
0
8
0
0
0
0
0
0
0
0
0
0
0
0
0
0
0
0
0
0
2
0
0
0
0
0
0
0
1
0
0
0
0
0
0
0
0
0
0
11
0
0
0
4
0
0
0
0
0
0
2
0
0
0
0
0
0
0
0
0
0
0
0
0
0
0
0
0
0
0
0
0
0
0
0
0
0
0
0
0
0
0
0
0
0
0
1
0
0
0
0
0
0
4
0
0
0
0
0
0
0
0
0
0
0
0
0
0
0
0
0
0
0
0
0
0
0
0
0
0
0
2
0
0
0
0
0
0
0
0
0
0
0
1
0
0
0
0
0
0
0
0
0
0
18
0
0
28
0
0
0
0
0
0
5
0
0
0
0
2
0
1
1
0
0
0
0
0
0
0
0
0
0
0
0
0
0
0
0
5
0
0
0
0
0
0
0
0
0
0
0
0
0
5
0
0
0
0
0
0
0
0
0
0
0
26
0
0
0
0
0
0
0
1
0
1
0
0
3
1
12
0
0
0
0
0
0
0
0
0
0
0
0
0
0
0
1
0
0
1
0
0
0
0
0
0
0
0
0
0
0
0
2
0
4
0
0
0
0
2
0
0
0
0
0
0
0
0
0
0
0
0
0
1
0
7
0
0
0
0
2
0
0
0
0
2
0
0
0
0
0
0
0
0
0
0
0
0
0
3
0
0
4
0
0
1
2
0
30
0
0
0
0
0
0
0
0
0
0
0
0
0
2
0
0
0
0
0
0
0
0
0
0
0
0
0
0
0
0
0
0
0
0
0
0
0
0
0
0
0
0
0
0
0
6
0
0
0
0
0
0
0
0
0
0
0
0
0
0
0
0
1
0
0
0
0
3
0
0
0
0
0
0
0
0
0
0
0
0
0
0
0
0
0
0
0
8
0
0
0
0
0
0
0
0
0
0
0
0
0
0
0
0
1
2
0
0
0
0
0
2
0
0
0
0
0
0
0
0
0
0
0
0
0
1
0
0
0
2
6
0
0
0
0
2
0
0
0
0
0
0
0
0
0
0
0
0
0
0
0
1
0
0
1
0
0
0
0
0
1
2
1
0
0
0
0
0
0
0
0
0
0
0
2
0
4
0
0
0
0
0
0
0
2
0
0
0
0
0
0
0
0
1
0
0
0
0
0
0
0
1
0
0
0
0
0
0
0
0
0
0
0
0
0
0
0
0
0
0
0
0
0
0
0
0
2
0
0
0
0
0
6
3
0
0
0
0
0
0
0
0
0
0
0
0
0
0
0
0
0
0
0
0
1
0
0
0
0
2
0
0
0
0
0
0
4
0
0
0
0
0
0
0
0
0
0
0
0
0
0
0
0
0
0
0
0
2
0
0
0
0
0
2
0
0
0
0
0
4
0
2
0
4
0
0
0
0
0
0
0
1
2
0
0
0
0
17
0
0
2
0
0
0
0
2
0
0
0
0
0
0
0
0
0
2
2
0
0
0
2
0
0
0
1
0
0
4
0
117
0
0
0
0
0
0
0
0
0
0
0
0
0
0
0
0
0
0
2
0
0
0
0
0
0
0
0
0
0
0
0
0
0
0
0
0
83
0
0
0
0
0
0
0
0
0
0
0
0
0
0
0
0
0
0
1
0
0
0
0
0
0
0
0
0
0
0
1
2
0
0
0
3
0
0
2
0
0
0
0
0
0
0
0
0
0
0
2
0
0
0
0
0
0
0
0
3
0
0
0
0
0
0
0
0
0
0
2
0
0
0
0
0
0
0
0
0
0
0
0
0
0
0
0
0
0
0
0
0
0
0
0
0
0
0
1
0
0
0
0
0
2
0
0
0
0
0
0
8
0
0
0
0
0
1
0
0
0
2
0
0
0
0
0
0
0
0
0
0
0
0
2
0
0
0
0
0
0
0
0
0
0
0
0
0
0
0
0
4
0
4
0
0
0
0
0
0
0
1
0
0
0
0
0
0
0
0
0
0
2
0
0
0
0
0
0
0
8
0
0
0
0
0
0
0
0
0
0
0
0
0
6
6
28
0
0
0
0
0
0
9
0
0
0
0
0
0
0
0
0
0
0
0
0
0
0
0
0
2
0
0
0
0
0
0
0
0
0
0
708
0
0
0
0
0
0
0
0
0
0
0
0
0
0
0
0
0
0
0
0
2
0
0
0
0
0
0
0
0
0
0
0
0
0
0
0
0
0
0
0
0
0
0
0
0
0
1
2
2
0
0
0
0
0
0
0
0
0
0
0
0
0
0
0
0
0
0
0
0
0
1
0
0
0
0
0
0
0
0
0
0
0
0
0
0
0
0
0
0
0
0
0
0
0
0
0
0
0
0
0
0
0
0
0
0
0
2
0
0
0
0
0
0
0
0
0
0
0
0
0
0
0
0
0
0
0
0
0
0
0
1
2
0
0
0
0
0
0
0
0
5
0
0
0
0
0
0
0
0
0
0
0
0
0
0
2
0
0
0
0
0
0
0
0
0
0
0
0
0
0
2
0
0
0
0
0
0
0
1
0
0
0
0
0
0
2
0
0
0
4
0
0
0
0
0
0
0
0
0
0
0
2
1
2
0
0
0
0
0
0
0
0
0
0
0
0
0
0
0
0
0
2
0
0
0
0
0
0
0
0
0
2
0
0
0
0
0
0
0
0
0
0
0
0
0
0
0
0
0
0
0
4
0
0
0
0
4
0
2
0
0
2
0
0
2
0
0
0
0
0
0
0
0
0
0
0
0
0
0
0
0
0
0
0
0
0
0
1
1
0
0
0
0
0
0
0
0
0
0
0
0
0
0
0
0
0
0
0
0
0
0
0
0
0
0
0
1
0
0
0
0
0
0
0
0
1
0
0
0
0
0
0
0
0
0
0
1
0
0
0
0
0
2
0
0
0
0
0
0
0
0
0
2
0
0
0
0
0
0
2
0
0
0
0
0
0
0
1
2
0
0
0
0
0
0
0
0
0
0
0
0
0
0
0
0
0
0
0
0
0
0
0
0
0
0
0
0
0
0
0
0
0
0
0
0
2
4
0
0
0
0
0
0
0
0
0
0
0
0
0
0
0
0
0
0
0
0
