41
509
76068
840
32950
40293
3302
7588
16886
8
49643
9196
263804
10792
75505
13719
30103
862
47503
31488
244886
45225
786
206690
31471
84031
11174
11083
5853
4955
29750
19184
19201
4206
38970
25785
293277
292958
898
4031
58183
12713
114096
291
0
185297
4042
31246
11023
61341
25916
170320
15581
104936
236998
154188
24708
17654
12212
44
97034
228
7279
11352
7210
12153
936
16189
6261
102715
93552
243353
39786
1294
52794
46762
7892
31
35625
32007
75634
51343
326039
324954
59396
50362
10087
152433
132665
51558
228071
5344
75327
0
70027
74537
45966
45580
6
49978
266216
61048
0
25
144733
51670
691
301844
295651
24441
16274
513405
49289
324231
129916
314914
106120
17541
11240
41282
22478
16831
27
493631
66574
35653
10599
65538
50814
6424
92982
225675
221149
500715
179307
340945
313760
129049
66521
446090
57
60012
248
370760
96
0
0
90584
245783
0
0
0
127897
12854
228445
204527
86888
18259
1321
0
77632
94
84
50126
24
9
115
28568
114791
123
3
326
248
247
30
0
0
0
0
198941
49795
268
28549
52813
460
356
249
78
132333
1126
230850
78764
280328
136019
50808
19754
29535
14938
6
22639
76
167070
143666
86
0
0
0
41556
36382
0
13052
0
403
451679
9
18946
38466
43447
21272
0
468926
55572
17
142
81012
2
282196
226034
69756
24283
26
0
226
0
11752
468057
15154
152328
1126
63480
62613
327429
120851
533
54
63116
6
23597
27
0
4
0
136238
335
28059
221
17504
252
0
5
4
144
0
15872
0
79890
4718
2
71927
0
9119
8
13220
26582
788788
4
16022
29824
6637
48316
29759
22118
91
782
110890
0
0
36
51938
1747
25833
7640
100
1964
52255
0
242363
1372
1560
2
0
0
0
0
0
0
0
0
4881
5192
24378
456888
61968
53786
68
17679
44672
69
348
66384
14297
24
9
16
5297
148
100758
209
365
39624
16213
68025
0
0
0
4
28
69
13132
5276
75
0
58
29976
63329
40530
22730
207974
628
80325
26486
5063
46
253
0
52459
51
8648
17820
19355
9750
171
0
10385
932
184780
110021
469
14523
0
33789
428
0
0
82395
270
0
500
27585
11863
78612
72931
82934
2201
26002
26
27429
37099
82608
0
4
0
19185
4
0
425
27055
0
67493
34640
36
3384
7214
23644
0
26
15447
310896
0
0
27343
453
41105
4543
26389
24
69588
1006
188336
51714
21453
3590
393134
39
12700
10782
28306
27181
12090
9656
11871
9839
7004
274012
1
303383
31016
308454
47100
48811
26660
52452
9857
52
14935
9955
14373
7101
13808
183
344168
8997
76888
10002
78694
19761
20135
493
294
2019
1982
31138
4193
66908
3861
4255
569643
21733
39664
4056
6433
0
1001787
247243
299
283
282878
1
27
0
0
0
0
0
0
0
2
0
0
0
0
0
0
0
0
4
0
0
0
0
0
0
0
0
0
0
0
0
6
0
0
0
0
0
0
0
0
0
0
0
0
2
0
0
0
0
0
0
0
0
0
0
0
3
0
2
0
0
0
3
0
0
0
0
0
0
0
0
0
4
3
0
0
24
0
0
0
0
0
0
0
0
0
0
0
2
0
0
0
280
0
0
0
0
0
0
0
0
110
0
0
0
6
0
2
0
0
0
0
0
0
0
4
0
0
0
0
0
0
0
0
0
0
0
4
0
0
0
6
0
4
0
0
0
0
0
1
0
0
0
0
0
0
0
0
0
3
0
2
0
0
0
0
0
0
0
0
3
0
0
0
0
0
0
0
2
0
2
0
0
18
0
0
0
0
0
0
0
0
0
0
0
0
8
0
9
0
0
0
1
2
0
0
0
0
2
0
0
0
2
0
0
5
0
0
0
2
0
0
3
0
0
2
0
0
0
0
0
0
0
0
0
0
2
2
8
0
0
0
0
4
0
0
4
0
0
5
0
0
0
0
0
0
0
0
0
0
0
2
0
0
0
0
0
0
0
0
0
0
0
0
0
12
0
0
0
0
2
0
0
0
0
2
0
0
0
0
2
2
0
0
0
0
0
0
0
0
0
6
0
0
0
0
0
0
0
0
0
0
0
4
0
0
21
0
0
0
0
0
0
2
15
0
0
0
0
24
0
0
4
0
0
0
0
0
0
0
0
0
0
0
0
0
0
0
0
0
0
0
0
0
0
1
0
0
0
0
6
0
0
2
4
0
2
0
0
0
0
0
0
0
0
0
0
0
0
0
2
0
0
0
0
0
0
0
0
0
0
0
0
0
0
0
0
0
0
4
0
277742
0
0
0
2
0
0
0
0
0
0
0
0
0
0
2
0
2
6
0
0
0
0
0
0
0
0
0
0
27
0
7
0
0
6
0
0
0
0
0
0
0
0
0
0
2
0
0
0
0
1
0
2
0
0
0
3
0
2
0
0
0
0
3
0
0
0
0
0
0
4
0
0
0
0
0
0
0
0
2
0
0
0
15
0
0
0
0
0
0
0
0
0
0
0
0
0
0
0
0
0
0
2
0
2
2
0
0
1
0
0
0
0
0
0
0
2
0
4
0
0
0
0
0
0
0
0
0
0
0
0
0
1
3
0
0
0
0
0
5
0
0
0
0
0
0
0
2
0
0
0
0
0
6
0
2
0
0
0
0
0
0
2
0
0
0
0
0
0
0
0
0
2
0
0
0
0
0
0
0
2
0
0
2
0
0
0
0
0
50
2
0
0
0
0
0
0
0
3
0
0
0
0
0
0
0
0
0
2
2
0
0
2
6
0
0
8
0
0
0
0
0
0
0
0
0
0
0
2
3
3
1
0
0
0
0
0
0
0
0
0
0
0
0
0
0
0
0
0
0
0
1
33159
0
1
0
0
0
0
1
0
8
0
0
0
0
0
1
0
0
2
0
0
0
0
0
0
0
0
2
0
0
4
16
0
3
0
0
3
20
0
0
2
0
0
0
2
0
0
0
0
0
0
2
0
0
0
0
0
0
0
0
0
30
0
0
0
0
0
0
0
0
0
0
0
0
0
0
0
0
0
4
0
0
36
0
2
0
0
0
0
0
0
11
0
0
0
4
0
10
15
0
0
21
0
2
0
4
0
0
0
0
0
0
0
0
0
0
0
0
0
0
6
4
0
4
0
0
0
0
0
0
0
0
0
0
0
0
2
0
0
34
0
0
0
13
0
0
0
0
0
0
0
0
0
0
0
0
8
0
0
0
2
0
0
0
0
0
0
0
0
0
0
0
0
0
0
2
2
3
6
0
0
0
0
2
0
4
1
0
0
0
0
0
0
18
0
0
0
0
0
0
0
0
0
0
0
2
0
0
0
0
0
0
0
0
0
0
0
0
0
0
0
0
0
0
0
0
0
0
0
0
2
0
8
0
0
0
0
0
0
0
0
0
0
0
15
0
4
7
0
0
0
0
0
4
8
0
0
2
2
0
0
0
0
0
0
0
0
0
0
0
0
0
0
2
6
0
0
0
2
2
0
0
0
0
0
0
0
0
0
0
0
0
2
2
0
2
0
0
0
3
0
0
1
0
0
136
1
0
0
0
0
0
0
18
2
1
0
2
2
3
53
0
4
0
0
2
0
0
0
0
0
0
0
0
0
4
4
0
1
0
0
0
0
0
0
0
4
0
0
0
0
0
0
0
0
2
0
2
0
9
0
0
0
4
0
0
2
0
4
0
2
4
0
23
3
30
2
0
0
0
6
0
0
2
0
8
0
0
2
0
0
0
0
0
0
2
0
0
0
0
0
0
0
0
0
8
0
0
81
0
0
0
0
0
0
0
2
0
2
2
0
0
0
0
0
0
0
0
4
1
0
0
0
0
0
0
0
0
2
0
0
0
0
0
0
0
0
0
0
0
0
0
0
0
44
0
4
0
0
1
0
2
0
0
0
0
0
0
0
0
0
0
0
0
0
0
1
0
0
0
0
0
4
0
0
0
0
0
0
0
0
0
0
0
0
0
3
0
2
0
0
0
0
0
0
0
0
0
0
0
0
0
2
7
1
0
0
0
0
0
4
0
0
0
0
2
0
0
0
0
0
0
0
0
0
0
0
0
5
0
0
0
0
0
0
0
0
0
0
4
0
0
0
0
1
0
0
0
0
0
3
0
4
7
0
0
0
0
0
1
2
0
0
0
0
0
0
0
2
0
0
2
2
0
0
0
0
0
10
0
0
0
0
0
2
0
1
0
0
0
0
0
0
2
0
0
0
0
0
0
0
0
0
0
0
0
0
0
0
0
0
0
0
0
0
0
0
0
0
0
4
0
0
0
0
2
0
0
0
2
6
12
4
0
4
0
6
0
0
0
4
2
0
0
2
0
0
0
2
2
0
0
0
0
0
0
0
0
2
0
0
0
0
0
0
0
3
0
0
0
0
2
0
0
4
0
0
0
0
0
0
0
9
0
0
0
5
0
0
0
0
0
0
0
0
0
0
0
1
0
7
0
16
20
0
0
0
0
28
0
0
0
0
0
2
0
64
0
0
0
0
0
0
2
8
0
0
0
0
0
0
2
0
0
2
4
0
0
0
2
0
0
2
10
0
0
2
0
53
4
0
0
0
0
4
0
0
0
0
2
0
0
2
0
0
0
0
0
0
0
0
0
4
0
6
0
0
0
0
0
10
0
2
0
0
426
0
0
0
0
0
0
0
0
0
0
0
0
0
0
0
0
0
0
1
0
0
0
0
0
2
0
0
0
0
0
14
12
0
4
4
0
2
0
2
0
0
0
0
0
0
0
0
0
0
0
3
0
0
2
0
0
0
0
2
6
0
0
0
0
0
2
25
0
0
0
12
0
0
0
0
0
0
0
0
0
0
0
0
0
0
0
0
0
0
0
0
0
0
11
0
4
0
0
3
0
1
0
0
6
7
0
0
0
0
2
0
4
0
0
0
0
0
0
0
0
0
2
2
0
0
0
0
0
0
0
2
2
0
0
0
0
0
4
0
0
0
0
0
0
0
0
0
0
0
10
0
13
0
3
0
0
0
0
0
0
0
0
0
0
10
6
0
6
0
0
2
0
10
0
1
1
7
0
0
0
12
0
0
8
2
0
0
4
0
0
0
0
0
0
7
7
25
0
0
0
2
0
0
83
0
0
0
0
0
0
4
0
2
0
2
0
0
0
0
0
0
0
0
0
0
0
0
0
0
0
0
0
88
0
0
0
0
0
0
2
0
0
0
0
0
2
0
0
0
0
0
4
0
2
0
0
0
0
0
0
0
0
0
0
0
0
0
2
0
2
0
0
0
0
0
0
0
0
0
0
0
0
0
0
2
0
3
0
0
0
0
0
7
0
0
0
0
0
2
0
0
0
0
4
0
0
0
0
0
0
0
0
0
5
0
0
0
0
0
0
4
0
0
0
2
0
0
0
0
0
0
0
0
6
0
0
8
0
0
2
0
2
0
0
0
0
0
0
0
0
0
0
0
0
0
0
0
0
0
0
4
0
0
0
2
0
2
0
2
0
0
0
0
24
0
0
0
0
0
0
0
0
0
0
0
4
0
8
0
0
0
0
0
7
0
0
0
0
0
2
2
0
0
0
0
0
0
0
0
0
0
2
0
0
0
0
0
6
2
0
0
0
0
0
0
0
0
0
0
2
0
0
0
0
0
0
0
0
0
0
4
0
0
8
0
0
0
2
0
3
0
0
2
4
4
0
0
0
0
0
0
0
0
0
2
0
2
0
0
0
0
0
0
0
0
0
0
0
1
0
1
0
0
0
28
0
0
0
2
4
0
0
0
0
0
3
0
4
0
0
0
0
0
0
0
0
0
0
0
0
0
0
0
2
2
0
0
0
0
0
1
33
0
0
0
3
0
2
0
0
0
0
0
0
0
0
0
5
0
0
0
0
0
0
0
0
0
0
0
0
0
0
2
0
0
1
0
0
8
1
0
0
0
0
0
0
0
0
0
0
1
0
2
0
1
0
2
2
0
0
7
0
0
0
0
0
6
4
0
0
0
0
0
0
0
0
0
0
0
2
0
0
0
0
0
0
0
0
0
0
0
0
0
0
0
0
6
0
2
2
2
0
0
0
0
0
0
0
0
0
0
0
0
0
0
0
0
0
5
2
0
2
0
0
0
0
0
0
0
0
0
0
0
2
0
0
0
0
2
0
