4
237
62383
1705
51179
37038
10
474
21471
41
70455
7542
636709
10017
241033
492
64891
15789
10459
86401
234185
59494
2862
158108
32790
68162
1652
1521
5918
5810
51844
37275
28194
3083
40153
27840
293617
293285
2825
10649
53600
11664
177388
1456
0
168231
16336
27384
24095
74591
35271
193673
13164
95267
256330
167609
62958
46268
30854
95
166316
19469
225
15790
4892
19629
4519
12684
2775
62761
55664
214931
44796
4865
106972
95307
8980
35
42917
38280
111740
82389
385139
383593
104369
29603
4898
85497
73213
66628
136804
3365
47217
0
96102
137620
85042
86725
17
121255
168559
52660
0
22971
110648
51564
669
320285
314348
17463
5949
487940
107041
383954
164879
354628
115852
25902
6593
122254
83783
73314
150
756536
106767
59157
18133
112225
87263
14497
124290
69757
174981
1105837
158156
479826
454154
117168
29642
382323
1884
83766
117
208010
132
2
2
23333
269258
0
0
0
168893
51039
261688
227207
122575
38608
7505
0
316959
24
16
52577
42
36
16
857
369135
2340
22
5056
3835
5783
24
0
0
0
0
231730
22546
6342
19288
51202
2710
1024
3986
2778
64696
6407
262137
92518
325890
166239
53720
12755
42010
8999
112
44742
3876
90995
195641
114
0
0
0
46916
104202
0
54346
0
13406
568019
184
7186
47400
44498
17212
0
490463
50815
9114
90
64692
0
205595
556560
53565
50283
5311
0
3131
0
76283
489734
27672
199898
333
84031
71685
473504
122481
28472
42
42405
0
5976
11142
0
0
0
401809
16293
16828
159
33918
82
0
2
0
400
0
38424
0
55569
6227
0
53265
0
58
32846
10094
40782
958253
0
7118
84125
46913
36744
69516
47140
12429
407
43722
0
0
12
32690
20759
58728
1341
2348
87
20797
0
168210
176
6193
0
0
0
0
0
0
0
0
0
1098
328
7597
347497
48892
127
570
9889
69401
32
7871
35543
18433
56
29
627
14892
12
58335
8159
26434
99629
6558
130200
0
0
0
5990
216
42
619
10077
61
0
20
117
114509
20580
53416
92062
30183
68560
4722
18
167
9447
0
57076
104
25631
72349
1097
5599
23755
0
14309
21838
117378
117432
280
60280
0
11011
11325
0
0
55000
7176
0
461
12141
5179
36579
34058
118105
40955
7379
99
66780
9354
78114
0
2
0
21671
33
0
3136
13889
0
66948
19414
31
13489
257
103350
0
6052
32930
451820
0
0
6351
10724
96096
24
7900
175
32800
14765
305459
53693
15068
2137
381548
136
30705
30042
12260
8353
894
782
322
215
1569
514993
2
253652
14543
276579
61099
59586
20078
91909
33025
142
96
66
126
76
13142
254
550108
34377
54030
6420
55395
14468
9048
6725
6312
4711
4060
36832
9388
52819
4400
1276
614978
3863
82221
6267
23668
0
1170701
327481
154
14272
225276
0
9
2
0
0
0
0
0
0
0
0
0
2
0
0
0
0
0
0
0
0
0
0
0
0
0
0
0
0
0
0
0
0
0
0
0
0
0
0
0
0
0
0
0
0
0
0
0
0
0
0
0
0
0
0
0
1
0
0
0
0
1
0
0
0
0
0
0
0
0
0
0
0
1
0
0
2
0
0
0
0
0
0
0
0
0
0
0
0
0
0
0
82
0
0
0
0
0
0
0
0
51
0
0
0
1
0
0
0
0
0
0
0
0
0
0
0
0
0
0
0
0
0
0
0
0
0
2
0
0
0
0
0
0
0
0
0
0
0
0
0
0
0
0
0
0
0
0
0
0
0
0
0
0
0
0
0
0
0
0
0
0
0
0
0
1
0
0
0
0
0
0
0
0
0
0
0
1
0
0
0
0
0
0
0
0
0
0
1
0
0
0
0
0
0
0
0
0
0
0
0
0
0
0
0
0
0
0
0
0
0
0
0
0
0
0
0
0
0
0
0
0
0
0
0
0
0
0
8
0
0
0
0
0
1
0
0
0
0
4
0
0
0
0
0
0
0
0
0
0
0
0
0
0
0
0
0
0
0
0
0
0
0
0
0
1
0
0
0
0
0
0
0
0
0
4
0
1
0
0
0
0
0
2
0
0
0
0
0
0
0
13
0
2
0
0
0
0
0
0
0
0
0
6
0
2
14
0
2
0
0
8
0
0
13
0
0
0
0
5
0
0
0
0
0
0
0
0
0
0
2
6
0
0
0
0
0
0
0
0
0
0
0
0
0
0
0
0
0
0
1
1
0
0
0
0
0
5
0
0
0
0
0
0
0
0
2
0
0
0
0
0
2
0
0
0
0
0
4
0
0
0
0
0
0
0
0
0
0
0
0
289452
0
0
0
0
6
2
0
0
2
0
0
0
0
0
0
0
0
0
0
0
0
0
0
0
0
0
0
0
21
0
2
0
0
0
0
0
0
0
0
0
0
0
0
0
0
0
0
0
0
0
0
0
0
0
0
0
0
0
0
0
0
0
0
0
0
0
0
0
0
2
0
0
0
0
0
0
0
0
0
0
0
0
3
0
0
0
0
0
0
0
0
0
7
0
0
0
0
0
0
0
0
0
0
0
0
0
0
0
0
0
0
0
0
0
2
0
0
0
0
0
0
0
0
0
0
0
0
0
0
0
0
0
0
0
0
0
0
0
0
0
0
0
0
0
0
0
0
0
0
0
0
0
0
0
0
0
0
0
0
0
0
0
0
0
0
0
0
0
0
6
0
0
0
0
0
0
0
0
0
0
0
0
0
1
0
0
0
0
6
0
0
0
0
0
0
0
0
0
0
0
2
0
0
0
0
0
0
0
0
0
0
0
0
0
0
0
2
0
0
0
0
0
0
0
0
0
0
0
0
0
0
0
0
0
0
0
0
0
0
0
0
0
0
0
0
0
0
0
0
0
0
83054
0
0
0
0
0
0
0
0
0
0
0
0
0
0
1
0
0
0
0
2
0
0
0
0
0
0
0
0
0
0
8
0
0
0
0
0
1
0
0
0
2
0
0
0
0
0
0
0
0
0
0
0
0
0
0
0
0
2
0
0
8
0
0
0
0
0
0
0
0
0
0
0
0
0
0
0
0
0
0
0
2
6
0
0
0
0
0
0
0
0
0
0
0
0
6
0
0
3
0
0
15
0
2
0
0
0
0
0
0
0
0
0
0
0
0
0
0
0
0
0
6
0
0
0
0
0
0
0
0
0
0
0
0
0
0
0
0
0
5
0
0
0
4
0
0
0
0
0
0
0
0
0
0
0
0
0
0
0
1
0
0
0
0
0
0
0
0
0
0
0
0
0
0
0
0
0
0
6
0
0
0
0
0
0
0
0
0
0
0
0
0
0
2
0
0
0
0
0
0
0
0
0
0
0
0
0
0
0
0
0
0
0
0
0
0
0
0
0
0
0
0
0
0
0
0
0
0
0
0
0
0
0
0
0
0
0
0
0
0
0
0
0
0
17
0
8
10
0
0
2
0
0
0
0
0
0
0
0
0
0
0
0
0
0
0
0
0
0
0
0
0
0
2
0
2
0
0
0
2
0
0
0
0
0
0
0
0
0
0
0
0
0
0
0
0
0
0
0
8
0
0
0
0
0
26
2
0
0
0
0
0
0
0
0
0
0
0
0
1
8
0
0
0
0
0
0
0
0
0
0
0
0
0
0
0
0
0
0
0
0
0
0
0
0
0
0
0
0
0
0
0
0
0
0
0
0
0
0
0
0
0
0
0
0
0
1
2
0
0
0
0
0
2
0
0
0
0
0
0
2
0
0
0
0
8
0
0
0
0
0
0
0
0
2
0
0
0
0
0
0
0
0
0
0
0
0
0
36
0
0
0
0
0
0
0
2
0
0
0
0
0
0
0
0
0
0
0
0
0
0
0
0
0
0
0
0
0
0
0
0
0
0
0
0
0
0
0
0
0
0
0
0
0
15
0
0
0
0
0
0
0
0
0
0
2
0
0
0
0
0
1
0
0
0
0
1
0
0
0
0
0
0
0
0
0
0
0
0
0
0
0
0
0
0
0
3
0
0
0
0
0
0
0
0
0
0
0
0
0
0
0
0
2
0
0
0
0
0
0
0
0
0
0
0
0
0
0
2
0
0
0
0
1
0
0
0
0
3
0
0
0
0
0
0
0
0
0
0
0
0
0
2
0
0
0
0
0
0
0
0
0
0
2
0
0
0
0
0
10
2
0
4
4
0
0
0
0
0
0
0
0
0
0
2
0
0
0
0
0
0
0
0
1
0
0
0
0
0
0
0
0
1
0
0
0
0
0
0
0
0
0
0
0
0
0
0
0
0
0
0
0
0
0
0
0
0
0
0
0
0
0
0
0
0
1
0
0
0
0
0
4
0
0
0
0
0
0
0
0
0
12
0
0
0
0
0
0
0
0
0
0
0
0
2
0
0
0
0
0
0
0
0
0
0
0
1
0
0
0
0
2
2
0
0
0
0
0
0
0
0
0
0
0
0
0
2
0
0
0
0
0
0
0
0
0
0
0
0
0
1
0
0
0
0
0
0
0
0
0
0
0
0
0
0
0
30
0
0
0
0
0
2
2
0
0
0
2
0
0
0
0
0
0
0
0
0
0
8
0
0
0
2
0
0
2
0
0
81
0
0
0
0
0
0
0
4
0
0
0
0
0
0
0
0
0
0
0
0
0
0
0
0
0
0
0
0
0
0
0
0
0
0
0
0
138
0
0
0
0
0
0
0
0
0
0
0
0
0
0
0
0
0
0
0
0
0
0
0
0
0
0
0
0
0
0
20
0
0
0
0
9
0
0
3
0
0
0
0
0
0
0
0
0
0
2
4
0
0
0
0
0
0
0
0
2
0
0
0
0
0
0
10
0
0
0
0
0
0
0
0
0
0
0
0
0
0
0
0
2
0
0
0
0
0
0
0
0
0
4
0
0
0
0
1
0
0
0
0
0
6
0
0
0
0
0
0
0
0
0
0
0
0
0
0
0
0
0
0
0
0
0
0
0
0
0
0
0
0
0
0
0
0
2
0
0
0
0
4
0
0
0
0
0
0
0
0
11
2
2
0
0
0
0
0
0
0
0
0
0
0
0
0
2
0
0
0
0
0
0
0
1
3
0
0
0
2
0
0
2
2
0
0
0
0
0
0
0
0
0
0
0
22687
0
1
0
2
0
0
25
0
0
0
0
0
0
0
2
0
0
0
0
0
0
2
0
0
0
0
0
0
0
0
0
0
0
0
0
100
0
0
0
0
0
0
0
0
0
0
0
0
0
0
0
0
0
0
0
0
0
2
0
0
0
0
0
0
0
0
0
0
0
0
0
0
0
2
0
0
0
0
0
0
0
0
0
0
0
0
0
0
3
0
0
0
0
0
0
0
0
0
0
0
0
0
0
0
0
0
0
0
0
2
0
0
0
1
0
0
0
0
0
0
0
0
0
0
0
0
0
0
0
0
0
0
0
0
0
0
0
0
0
0
0
0
0
0
4
0
0
0
0
0
0
0
0
0
0
0
0
0
0
0
0
0
0
0
0
0
0
0
0
0
2
0
0
0
0
0
2
0
0
0
0
0
0
0
0
0
0
0
2
0
2
1
0
0
0
1
1
0
0
0
0
0
0
0
0
0
0
0
0
0
0
1
0
0
0
0
0
0
0
0
0
0
0
0
0
0
0
0
0
0
0
0
0
0
0
0
0
0
0
0
0
0
0
0
0
0
2
0
0
0
0
0
0
0
0
0
0
0
0
0
0
6
0
0
0
0
0
0
0
0
0
0
0
0
0
0
0
0
0
0
0
0
0
0
0
0
0
4
0
2
0
0
0
0
0
0
0
0
0
0
0
0
0
0
0
0
0
0
0
0
0
0
0
1
0
0
0
0
0
0
0
0
0
2
10
0
0
0
0
0
0
0
0
0
0
0
0
0
0
0
0
0
0
0
0
0
0
0
0
0
4
0
0
0
0
0
0
0
0
0
0
2
0
0
0
0
0
0
0
0
13
0
0
0
0
0
0
0
0
0
0
0
0
0
0
0
0
0
0
0
1
0
0
0
0
0
0
0
0
0
0
2
0
0
0
0
0
0
0
0
0
0
0
0
0
0
0
0
0
0
0
0
0
0
0
0
0
0
0
0
0
0
0
0
0
0
0
0
0
0
0
5
0
0
1
0
0
0
0
0
0
0
0
0
0
0
0
0
0
0
0
0
0
